     0/299     12.8G   0.07049   0.03274         0    0.1888     0.292         5      1280         0         0         0         0    0.1239   0.02411         0
     1/299     18.3G    0.0549   0.03112         0   0.07686    0.1629         7      1280     0.019     0.932     0.219   0.03139   0.04968   0.04537         0
     2/299     18.3G   0.05215   0.03048         0   0.07077    0.1534        10      1280   0.05199     0.944    0.1473   0.02357   0.05914   0.03196         0
     3/299     18.3G   0.04621   0.03052         0   0.07208    0.1488         7      1280   0.05427     0.992    0.6358    0.2624   0.02821   0.03854         0
     4/299     18.3G   0.03711   0.02964         0   0.06974    0.1365         7      1280   0.07206     0.998     0.808    0.4449   0.03516    0.0308         0
     5/299     18.3G   0.03239   0.02798         0   0.06955    0.1299         8      1280   0.08398         1    0.9468    0.7156   0.01957   0.03254         0
     6/299     18.3G   0.02809   0.02706         0   0.06813    0.1233        10      1280    0.1271         1    0.9872    0.7074   0.01837   0.02914         0
     7/299     18.3G   0.02604   0.02544         0   0.06538    0.1169         7      1280    0.2063     0.998    0.9941    0.7818   0.01726   0.02672         0
     8/299     18.3G   0.02447   0.02378         0   0.06318    0.1114         7      1280    0.2291         1    0.9831    0.7131   0.01968   0.02447         0
     9/299     18.3G   0.02416   0.02311         0    0.0562    0.1035         8      1280    0.2378         1    0.9811    0.7734   0.01649   0.02314         0
    10/299     18.3G   0.02318   0.02223         0   0.05323   0.09865         7      1280    0.1672     0.992    0.9621    0.5359   0.02772    0.0251         0
    11/299     18.3G   0.02249    0.0222         0   0.04944   0.09413        11      1280    0.2952         1    0.9859     0.793   0.01464   0.02271         0
    12/299     18.3G   0.02161   0.02147         0    0.0486   0.09168         7      1280    0.3495         1    0.9873    0.7826   0.01482   0.02079         0
    13/299     18.3G   0.02122   0.02117         0    0.0465   0.08888         7      1280      0.35         1    0.9924    0.8598   0.01133   0.02003         0
    14/299     18.3G    0.0203     0.021         0   0.04557   0.08687         7      1280    0.2362     0.998    0.9748    0.7286   0.02432   0.03285         0
    15/299     18.3G   0.02035    0.0201         0   0.04312   0.08357         6      1280    0.4529         1    0.9939    0.8364   0.01252   0.01894         0
    16/299     18.3G   0.01902   0.01982         0   0.04278   0.08162         7      1280    0.3694     0.998    0.9959    0.8184   0.01334   0.01886         0
    17/299     18.3G   0.01884   0.01945         0   0.04168   0.07997         7      1280    0.5872     0.998    0.9958      0.83   0.01251   0.01842         0
    18/299     18.3G   0.01857     0.019         0    0.0403   0.07787         7      1280    0.4187         1     0.996    0.8619   0.01107   0.01756         0
    19/299     18.3G   0.01842   0.01927         0   0.04107   0.07875         7      1280    0.4093         1    0.9937    0.8511    0.0116   0.01851         0
    20/299     18.3G   0.01837   0.01865         0   0.03974   0.07676         7      1280    0.4809         1    0.9944    0.8716   0.01073   0.01813         0
    21/299     18.3G   0.01773   0.01839         0   0.03868    0.0748         9      1280    0.5205         1    0.9969    0.9083  0.009432   0.01775         0
    22/299     18.3G   0.01683   0.01799         0    0.0376   0.07242         7      1280    0.3943         1    0.9883    0.8862  0.009496   0.01752         0
    23/299     18.3G   0.01713   0.01779         0   0.03743   0.07236         7      1280    0.5239         1    0.9971    0.9145  0.009209    0.0174         0
    24/299     18.3G   0.01658   0.01776         0   0.03746   0.07179         7      1280    0.6498         1    0.9961    0.8721   0.01045   0.01742         0
    25/299     18.3G   0.01645   0.01783         0   0.03733   0.07161         7      1280    0.4391         1    0.9963    0.8903  0.009467   0.01836         0
    26/299     18.3G    0.0163   0.01764         0   0.03566    0.0696         7      1280    0.6488         1    0.9966    0.8968  0.009132    0.0173         0
    27/299     18.3G     0.016   0.01759         0   0.03571    0.0693         9      1280    0.6473         1    0.9952    0.8965  0.008553   0.01796         0
    28/299     18.3G   0.01614   0.01734         0   0.03593    0.0694         7      1280    0.6639         1    0.9966    0.9016  0.008782   0.01748         0
    29/299     18.3G   0.01579    0.0171         0   0.03496   0.06785         7      1280    0.5878         1    0.9972    0.8999  0.009247   0.01739         0
    30/299     18.3G   0.01585    0.0173         0   0.03493   0.06807         9      1280    0.5875         1    0.9969    0.9051   0.00908   0.01709         0
    31/299     18.3G   0.01572    0.0172         0   0.03411   0.06703         6      1280     0.678         1    0.9972    0.9148  0.008001   0.01678         0
    32/299     18.3G   0.01537    0.0171         0   0.03332   0.06579        10      1280    0.6473         1    0.9973    0.9035  0.008727   0.01639         0
    33/299     18.3G   0.01501   0.01693         0   0.03377   0.06571         7      1280    0.7116         1    0.9962    0.9156  0.008683   0.01681         0
    34/299     18.3G   0.01536   0.01673         0   0.03331    0.0654         7      1280    0.6655         1     0.997    0.9041    0.0086   0.01648         0
    35/299     18.3G   0.01521   0.01693         0   0.03235   0.06448         5      1280    0.7974         1    0.9979    0.9156  0.008182   0.01643         0
    36/299     18.3G   0.01511   0.01667         0   0.03259   0.06437         7      1280    0.6228         1    0.9973    0.9064  0.008615   0.01663         0
    37/299     18.3G   0.01513   0.01618         0   0.03125   0.06256        12      1280    0.7215         1     0.998    0.9124  0.007701   0.01661         0
    38/299     18.3G   0.01454   0.01618         0    0.0313   0.06202         7      1280    0.6919         1     0.998    0.9016  0.008785   0.01602         0
    39/299     18.3G   0.01463   0.01656         0   0.03119   0.06238         7      1280    0.7645         1    0.9955    0.9135  0.007922   0.01612         0
    40/299     18.3G   0.01438   0.01625         0   0.03107   0.06171         7      1280     0.705         1    0.9978    0.9201  0.007887   0.01613         0
    41/299     18.3G   0.01435   0.01612         0   0.03068   0.06114         7      1280    0.7048         1    0.9967    0.9143  0.007811   0.01584         0
    42/299     18.3G   0.01411    0.0162         0   0.03067   0.06098         7      1280    0.7563         1    0.9981    0.9087  0.007982   0.01556         0
    43/299     18.3G   0.01411   0.01607         0   0.03012    0.0603         7      1280    0.7061         1    0.9971    0.9216  0.007579   0.01589         0
    44/299     18.3G   0.01417   0.01587         0   0.03017   0.06021         7      1280    0.7632         1    0.9983    0.9254  0.007306   0.01603         0
    45/299     18.3G   0.01401   0.01546         0   0.02933    0.0588        10      1280    0.7313         1    0.9981    0.9325  0.007289   0.01599         0
    46/299     18.3G   0.01367   0.01572         0   0.02969   0.05908         7      1280    0.7963         1    0.9983     0.902  0.008708   0.01593         0
    47/299     18.3G   0.01359   0.01582         0   0.02938   0.05879         7      1280    0.8213         1    0.9987    0.9056  0.008309    0.0156         0
    48/299     18.3G   0.01374    0.0154         0   0.02863   0.05777         8      1280    0.7648         1    0.9984    0.9302  0.007319   0.01533         0
    49/299     18.3G   0.01348   0.01541         0    0.0283   0.05719         9      1280    0.7747         1    0.9984    0.9207  0.007592   0.01566         0
    50/299     18.3G   0.01337   0.01579         0   0.02837   0.05753         7      1280    0.7974         1    0.9983    0.9291  0.007007   0.01586         0
    51/299     18.3G   0.01346   0.01551         0   0.02878   0.05774         9      1280    0.7814         1    0.9972    0.9105  0.007789   0.01527         0
    52/299     18.3G   0.01335   0.01536         0   0.02831   0.05702         7      1280    0.7738         1    0.9983    0.9372  0.007121   0.01543         0
    53/299     18.3G   0.01318   0.01566         0   0.02784   0.05668         7      1280     0.772         1     0.998    0.9151  0.007806   0.01562         0
    54/299     18.3G    0.0131   0.01507         0   0.02719   0.05536         7      1280     0.773         1    0.9976    0.9353  0.006745   0.01538         0
    55/299     18.3G   0.01341   0.01507         0   0.02668   0.05516         7      1280    0.7937         1    0.9972    0.9388  0.006576   0.01559         0
    56/299     18.3G   0.01293   0.01518         0   0.02703   0.05515         7      1280    0.7698         1    0.9983    0.9393  0.006708   0.01568         0
    57/299     18.3G   0.01313   0.01505         0   0.02643    0.0546         7      1280    0.8238         1    0.9987    0.9217  0.007399   0.01515         0
    58/299     18.3G   0.01279   0.01514         0   0.02648   0.05441         7      1280     0.815         1    0.9988    0.9304  0.007246   0.01515         0
    59/299     18.3G   0.01299   0.01496         0   0.02649   0.05444        10      1280    0.8262         1    0.9987    0.9321  0.007166   0.01507         0
    60/299     18.3G   0.01276   0.01487         0   0.02612   0.05375         9      1280    0.8089         1    0.9985    0.9326  0.007084   0.01509         0
    61/299     18.3G   0.01253    0.0148         0   0.02564   0.05297         7      1280    0.8154         1    0.9987    0.9362  0.006977   0.01492         0
    62/299     18.3G   0.01275   0.01472         0   0.02545   0.05292         7      1280     0.775         1    0.9984    0.9425  0.006647     0.015         0
    63/299     18.3G    0.0127    0.0145         0   0.02521   0.05241        12      1280    0.7808         1    0.9984    0.9444   0.00634   0.01478         0
    64/299     18.3G   0.01266   0.01495         0   0.02598   0.05359         7      1280    0.8163         1    0.9988    0.9399  0.006479   0.01487         0
    65/299     18.3G   0.01237   0.01511         0   0.02585   0.05334         7      1280    0.8116         1    0.9988    0.9467  0.006262   0.01467         0
    66/299     18.3G   0.01246   0.01464         0   0.02618   0.05328         7      1280    0.8166         1    0.9987    0.9456  0.006154   0.01428         0
    67/299     18.3G   0.01241   0.01465         0   0.02543   0.05249         7      1280     0.848         1     0.999    0.9396  0.006684   0.01432         0
    68/299     18.3G   0.01223   0.01463         0   0.02522   0.05209        10      1280      0.82         1    0.9988    0.9432  0.006572    0.0143         0
    69/299     18.3G    0.0122   0.01446         0   0.02418   0.05084         7      1280    0.7885         1    0.9986    0.9478  0.006357   0.01432         0
    70/299     18.3G   0.01236   0.01443         0   0.02407   0.05086         9      1280    0.8014         1    0.9988    0.9404  0.006465   0.01434         0
    71/299     18.3G   0.01233   0.01442         0   0.02378   0.05052         7      1280    0.8281         1    0.9989     0.941  0.006579   0.01434         0
    72/299     18.3G   0.01217   0.01427         0   0.02359   0.05003         7      1280    0.8334         1     0.999    0.9428  0.006529   0.01445         0
    73/299     18.3G    0.0124   0.01425         0   0.02393   0.05058         9      1280    0.8334         1     0.999    0.9467  0.006433   0.01439         0
    74/299     18.3G   0.01226   0.01451         0   0.02471   0.05149         7      1280    0.8384         1     0.999     0.955  0.006007   0.01423         0
    75/299     18.3G   0.01205   0.01443         0   0.02369   0.05017         7      1280    0.8439         1    0.9991    0.9534  0.006086   0.01415         0
    76/299     18.3G     0.012   0.01415         0   0.02357   0.04973         7      1280    0.8471         1    0.9991    0.9545  0.006142   0.01403         0
    77/299     18.3G   0.01212   0.01444         0   0.02302   0.04958         9      1280    0.8557         1     0.999    0.9502  0.006264   0.01408         0
    78/299     18.3G   0.01189   0.01442         0    0.0238   0.05011         7      1280    0.8386         1     0.999    0.9496  0.006228   0.01404         0
    79/299     18.3G   0.01215   0.01429         0   0.02339   0.04982         8      1280    0.8407         1     0.999    0.9483   0.00632   0.01402         0
    80/299     18.3G   0.01179   0.01414         0   0.02335   0.04928         7      1280    0.8522         1    0.9991    0.9498  0.006247   0.01404         0
    81/299     18.3G   0.01167   0.01421         0    0.0225   0.04838         7      1280    0.8537         1    0.9991    0.9514   0.00613   0.01405         0
    82/299     18.3G   0.01162   0.01413         0    0.0219   0.04765         7      1280    0.8586         1    0.9991    0.9517  0.006085   0.01405         0
    83/299     18.3G   0.01162    0.0138         0   0.02245   0.04787         8      1280    0.8557         1    0.9991    0.9504  0.006269   0.01398         0
    84/299     18.3G   0.01161     0.014         0   0.02345   0.04906         6      1280    0.8578         1    0.9991    0.9526  0.006156     0.014         0
    85/299     18.3G   0.01154   0.01379         0   0.02247   0.04781         9      1280    0.8531         1    0.9991    0.9579  0.006048   0.01395         0
    86/299     18.3G    0.0116   0.01374         0   0.02201   0.04735         7      1280    0.8546         1    0.9991    0.9601  0.005971   0.01397         0
    87/299     18.3G   0.01143   0.01412         0   0.02218   0.04774         7      1280    0.8557         1    0.9991    0.9606  0.005886   0.01388         0
    88/299     18.3G   0.01137   0.01393         0   0.02201   0.04731         7      1280    0.8642         1    0.9991     0.959   0.00585   0.01386         0
    89/299     18.3G   0.01161     0.014         0   0.02244   0.04805         7      1280    0.8614         1    0.9991    0.9596  0.006018   0.01389         0
    90/299     18.3G    0.0113   0.01374         0   0.02153   0.04657         7      1280    0.8603         1    0.9991    0.9602  0.005961   0.01392         0
    91/299     18.3G   0.01137    0.0138         0    0.0214   0.04657         7      1280    0.8549         1    0.9991    0.9608  0.005932   0.01397         0
    92/299     18.3G   0.01115   0.01369         0    0.0216   0.04644         9      1280    0.8567         1     0.999    0.9612  0.005894     0.014         0
    93/299     18.3G   0.01141   0.01342         0   0.02127    0.0461         7      1280    0.8605         1    0.9991    0.9611  0.005847   0.01395         0
    94/299     18.3G    0.0112   0.01366         0   0.02124    0.0461         7      1280    0.8616         1    0.9991    0.9608  0.005892   0.01393         0
    95/299     18.3G   0.01124   0.01349         0   0.02067    0.0454         8      1280    0.8592         1    0.9991    0.9601  0.005913   0.01393         0
    96/299     18.3G   0.01122   0.01329         0   0.02049     0.045         7      1280    0.8622         1    0.9991    0.9592  0.005951   0.01392         0
    97/299     18.3G   0.01124   0.01364         0   0.02129   0.04617        10      1280    0.8655         1    0.9992    0.9594  0.006004   0.01393         0
    98/299     18.3G   0.01125   0.01358         0   0.02105   0.04588         7      1280     0.866         1    0.9992    0.9597  0.006013   0.01396         0
    99/299     18.3G   0.01091   0.01333         0   0.02035    0.0446         8      1280    0.8711         1    0.9992    0.9589  0.006044   0.01398         0
   100/299     18.3G   0.01107    0.0134         0   0.02062   0.04508         7      1280    0.8676         1    0.9992    0.9587  0.006059   0.01402         0
   101/299     18.3G   0.01088    0.0133         0   0.02087   0.04505         9      1280    0.8671         1    0.9992    0.9569   0.00608   0.01406         0
   102/299     18.3G   0.01106   0.01346         0   0.02134   0.04587         7      1280    0.8702         1    0.9992    0.9582  0.006091    0.0141         0
   103/299     18.3G   0.01087   0.01326         0   0.02024   0.04437         9      1280    0.8661         1    0.9992    0.9586  0.006129   0.01415         0
   104/299     18.3G   0.01088   0.01352         0   0.02048   0.04488        10      1280    0.8636         1    0.9992    0.9594  0.006115   0.01416         0
   105/299     18.3G   0.01075   0.01343         0   0.01991    0.0441         9      1280    0.8629         1    0.9991    0.9603  0.006054   0.01419         0
   106/299     18.3G   0.01101   0.01331         0   0.01966   0.04398         7      1280     0.867         1    0.9992    0.9617  0.006032   0.01422         0
   107/299     18.3G   0.01082   0.01307         0   0.02039   0.04428         5      1280    0.8656         1    0.9992    0.9614  0.006023   0.01423         0
   108/299     18.3G   0.01085   0.01326         0   0.02015   0.04426         7      1280    0.8667         1    0.9992    0.9614  0.005985   0.01424         0
   109/299     18.3G   0.01058    0.0132         0   0.01961   0.04339         7      1280    0.8661         1    0.9992    0.9625  0.005957   0.01425         0
   110/299     18.3G   0.01065   0.01317         0   0.02025   0.04407         7      1280    0.8636         1    0.9991    0.9627  0.005966   0.01428         0
   111/299     18.3G   0.01048   0.01306         0   0.01953   0.04307         7      1280    0.8634         1    0.9992    0.9634  0.005972   0.01429         0
   112/299     18.3G   0.01055   0.01311         0    0.0192   0.04286         7      1280    0.8669         1    0.9992    0.9653  0.005971   0.01431         0
   113/299     18.3G   0.01043     0.013         0   0.01942   0.04285         7      1280    0.8663         1    0.9992    0.9649  0.005989   0.01434         0
   114/299     18.3G   0.01043   0.01286         0   0.01917   0.04246        12      1280    0.8681         1    0.9992    0.9649  0.006001   0.01434         0
   115/299     18.3G   0.01052    0.0128         0   0.01915   0.04247         7      1280    0.8653         1    0.9992    0.9646  0.006024   0.01435         0
   116/299     18.3G   0.01027   0.01281         0   0.01895   0.04202         7      1280    0.8628         1    0.9991    0.9662  0.006015   0.01436         0
   117/299     18.3G   0.01016   0.01299         0   0.01905    0.0422         7      1280    0.8647         1    0.9992    0.9658  0.006025   0.01437         0
   118/299     18.3G   0.01017   0.01284         0   0.01886   0.04187         7      1280    0.8662         1    0.9992    0.9664  0.006012   0.01438         0
   119/299     18.3G   0.01038    0.0128         0   0.01889   0.04208         7      1280    0.8674         1    0.9992    0.9671     0.006   0.01439         0
   120/299     18.3G   0.01027    0.0126         0   0.01902   0.04188         7      1280    0.8673         1    0.9992    0.9667  0.005997   0.01441         0
   121/299     18.3G  0.009826   0.01284         0   0.01871   0.04137         7      1280    0.8687         1    0.9992    0.9669  0.005988   0.01442         0
   122/299     18.3G   0.01018   0.01275         0   0.01832   0.04125         7      1280    0.8682         1    0.9992    0.9669  0.005967   0.01442         0
   123/299     18.3G   0.01009   0.01244         0   0.01839   0.04093         7      1280    0.8717         1    0.9992    0.9667  0.005979   0.01443         0
   124/299     18.3G   0.01018   0.01273         0   0.01865   0.04155         7      1280    0.8723         1    0.9992    0.9666  0.005981   0.01444         0
   125/299     18.3G   0.01008   0.01248         0   0.01825   0.04081         7      1280    0.8739         1    0.9992    0.9669  0.005993   0.01444         0
   126/299     18.3G   0.01008   0.01257         0   0.01844   0.04109         7      1280    0.8726         1    0.9992     0.967  0.006005   0.01442         0
   127/299     18.3G  0.009909   0.01251         0   0.01801   0.04043         7      1280    0.8718         1    0.9992    0.9667  0.006025   0.01442         0
   128/299     18.3G   0.01004   0.01254         0   0.01848   0.04106         7      1280    0.8734         1    0.9992    0.9671  0.006013   0.01443         0
   129/299     18.3G   0.01004   0.01293         0   0.01923    0.0422         7      1280    0.8746         1    0.9992    0.9658  0.006012   0.01441         0
   130/299     18.3G  0.009732   0.01239         0   0.01841   0.04054         7      1280    0.8737         1    0.9992     0.965  0.006047   0.01441         0
   131/299     18.3G  0.009884   0.01248         0   0.01828   0.04064         9      1280    0.8745         1    0.9992    0.9654  0.006074   0.01441         0
   132/299     18.3G  0.009898   0.01263         0   0.01812   0.04065         7      1280    0.8781         1    0.9992    0.9658  0.006074   0.01441         0
   133/299     18.3G  0.009748   0.01245         0   0.01854   0.04073         5      1280    0.8782         1    0.9992     0.966  0.006079   0.01441         0
   134/299     18.3G  0.009684   0.01219         0   0.01803    0.0399         7      1280    0.8785         1    0.9992    0.9665  0.006079    0.0144         0
   135/299     18.3G  0.009898   0.01257         0   0.01843   0.04089         7      1280    0.8803         1    0.9992    0.9661  0.006083    0.0144         0
   136/299     18.3G  0.009589   0.01221         0   0.01744   0.03924        10      1280    0.8793         1    0.9992    0.9661  0.006081   0.01439         0
   137/299     18.3G  0.009636   0.01247         0   0.01866   0.04076         8      1280    0.8839         1    0.9992     0.966  0.006081   0.01438         0
   138/299     18.3G  0.009567   0.01245         0    0.0182   0.04022         7      1280    0.8894         1    0.9992    0.9655  0.006088   0.01437         0
   139/299     18.3G  0.009583   0.01218         0   0.01847   0.04023         9      1280    0.8896         1    0.9992    0.9654  0.006098   0.01437         0
   140/299     18.3G  0.009536   0.01222         0   0.01767   0.03943         7      1280    0.8919         1    0.9992    0.9659  0.006094   0.01435         0
   141/299     18.3G  0.009496   0.01199         0   0.01717   0.03865        13      1280    0.8948         1    0.9992    0.9659   0.00609   0.01435         0
   142/299     18.3G  0.009512   0.01197         0   0.01743   0.03891         7      1280    0.8963         1    0.9992    0.9656   0.00607   0.01434         0
   143/299     18.3G  0.009493   0.01218         0   0.01791   0.03958         7      1280    0.8966         1    0.9992    0.9664  0.006067   0.01433         0
   144/299     18.3G  0.009553   0.01213         0   0.01746   0.03914         9      1280    0.8971         1    0.9992    0.9664  0.006068   0.01433         0
   145/299     18.3G   0.00918   0.01185         0   0.01715   0.03818         7      1280    0.8977         1    0.9992    0.9665  0.006061   0.01432         0
   146/299     18.3G  0.009223   0.01173         0   0.01727   0.03823         7      1280    0.8982         1    0.9992    0.9677  0.006063   0.01432         0
   147/299     18.3G  0.009419   0.01174         0   0.01693   0.03809         7      1280    0.9009         1    0.9992    0.9677  0.006066   0.01431         0
   148/299     18.3G  0.009353   0.01197         0   0.01772   0.03905         7      1280    0.9024         1    0.9992    0.9667  0.006072   0.01431         0
   149/299     18.3G   0.00924   0.01186         0   0.01687   0.03798         7      1280    0.9029         1    0.9992    0.9667  0.006073   0.01431         0
   150/299     18.3G  0.009186   0.01199         0   0.01683     0.038         9      1280    0.9033         1    0.9992    0.9668  0.006078   0.01431         0
   151/299     18.3G  0.009091   0.01197         0    0.0178   0.03886        10      1280    0.9056         1    0.9992    0.9666  0.006089    0.0143         0
   152/299     18.3G  0.009152   0.01192         0   0.01712   0.03819         7      1280    0.9047         1    0.9992    0.9664  0.006102   0.01429         0
   153/299     18.3G   0.00923   0.01177         0   0.01659   0.03759         7      1280    0.9054         1    0.9992    0.9664  0.006109   0.01429         0
   154/299     18.3G  0.009005   0.01172         0   0.01672   0.03745         7      1280     0.906         1    0.9993    0.9666  0.006121   0.01428         0
   155/299     18.3G  0.009005   0.01185         0    0.0167   0.03755         7      1280    0.9062         1    0.9993    0.9666  0.006125   0.01427         0
   156/299     18.3G  0.008798   0.01179         0    0.0163   0.03689         7      1280    0.9072         1    0.9993    0.9666   0.00613   0.01426         0
   157/299     18.3G  0.008968   0.01175         0   0.01682   0.03753         7      1280    0.9113         1    0.9993    0.9664  0.006147   0.01425         0
   158/299     18.3G  0.008891   0.01139         0   0.01594   0.03621         8      1280    0.9122         1    0.9993    0.9664  0.006152   0.01425         0
   159/299     18.3G  0.008801   0.01184         0   0.01639   0.03703         9      1280    0.9124         1    0.9993    0.9664  0.006152   0.01424         0
   160/299     18.3G  0.008867   0.01182         0   0.01675   0.03743         7      1280    0.9147         1    0.9993    0.9664  0.006159   0.01424         0
   161/299     18.3G  0.008827   0.01184         0   0.01669   0.03736         7      1280     0.916         1    0.9993     0.967  0.006169   0.01423         0
   162/299     18.3G  0.008839   0.01193         0   0.01699   0.03776         7      1280    0.9147         1    0.9993    0.9666   0.00618   0.01422         0
   163/299     18.3G   0.00875   0.01156         0   0.01602   0.03633         7      1280    0.9153         1    0.9993    0.9663  0.006187   0.01422         0
   164/299     18.3G  0.008442   0.01145         0   0.01614   0.03603         9      1280    0.9154         1    0.9993    0.9667  0.006187   0.01421         0
   165/299     18.3G  0.008692    0.0115         0   0.01687   0.03706         7      1280    0.9174         1    0.9993    0.9663  0.006208    0.0142         0
   166/299     18.3G  0.008626   0.01153         0   0.01601   0.03617         8      1280    0.9189         1    0.9993    0.9663  0.006232   0.01419         0
   167/299     18.3G  0.008616    0.0115         0   0.01642   0.03653        10      1280    0.9196         1    0.9993    0.9663  0.006245   0.01419         0
   168/299     18.3G  0.008604   0.01153         0   0.01601   0.03615         7      1280     0.921         1    0.9993    0.9663  0.006255   0.01418         0
   169/299     18.3G  0.008576   0.01141         0   0.01613   0.03612         8      1280    0.9219         1    0.9993    0.9661  0.006253   0.01417         0
   170/299     18.3G  0.008514   0.01136         0   0.01585   0.03572         7      1280    0.9223         1    0.9993    0.9661  0.006266   0.01417         0
   171/299     18.3G  0.008634   0.01144         0   0.01612    0.0362         7      1280     0.926         1    0.9993    0.9661  0.006283   0.01416         0
   172/299     18.3G  0.008593   0.01144         0   0.01669   0.03673         7      1280    0.9262         1    0.9993    0.9657  0.006288   0.01415         0
   173/299     18.3G  0.008576   0.01144         0   0.01575   0.03577         9      1280    0.9264         1    0.9993    0.9653  0.006286   0.01414         0
   174/299     18.3G  0.008319   0.01153         0   0.01637   0.03622         7      1280    0.9264         1    0.9993    0.9653  0.006289   0.01413         0
   175/299     18.3G  0.008464   0.01135         0   0.01635   0.03616         7      1280    0.9266         1    0.9993    0.9653  0.006298   0.01413         0
   176/299     18.3G  0.008431   0.01125         0   0.01562    0.0353         7      1280    0.9278         1    0.9993    0.9653  0.006312   0.01413         0
   177/299     18.3G  0.008217   0.01141         0   0.01606   0.03568         7      1280    0.9286         1    0.9993    0.9649  0.006318   0.01412         0
   178/299     18.3G  0.008162   0.01137         0   0.01583   0.03536         8      1280    0.9288         1    0.9993    0.9647  0.006321    0.0141         0
   179/299     18.3G  0.008196   0.01131         0   0.01578   0.03529         6      1280    0.9288         1    0.9993    0.9647   0.00633    0.0141         0
   180/299     18.3G  0.008239   0.01129         0   0.01597    0.0355         7      1280     0.931         1    0.9993    0.9647  0.006341   0.01409         0
   181/299     18.3G   0.00814   0.01119         0   0.01645   0.03578         7      1280    0.9323         1    0.9993    0.9647  0.006351   0.01409         0
   182/299     18.3G  0.008261   0.01107         0   0.01582   0.03516         7      1280    0.9343         1    0.9993    0.9647  0.006363   0.01408         0
   183/299     18.3G   0.00815   0.01134         0   0.01568   0.03517         7      1280    0.9363         1    0.9994    0.9647  0.006388   0.01408         0
   184/299     18.3G   0.00808   0.01093         0   0.01557   0.03458         7      1280    0.9376         1    0.9994    0.9651  0.006403   0.01407         0
   185/299     18.3G  0.008142   0.01122         0   0.01603    0.0354        10      1280    0.9388         1    0.9994    0.9651  0.006406   0.01406         0
   186/299     18.3G  0.008029   0.01096         0   0.01597   0.03496         7      1280     0.939         1    0.9994    0.9648  0.006418   0.01405         0
   187/299     18.3G  0.007992   0.01105         0   0.01577   0.03481         9      1280    0.9394         1    0.9994    0.9649  0.006431   0.01404         0
   188/299     18.3G  0.007929   0.01064         0   0.01549   0.03406         7      1280    0.9382         1    0.9994    0.9646  0.006451   0.01403         0
   189/299     18.3G  0.007985   0.01073         0   0.01589    0.0346         7      1280    0.9384         1    0.9994    0.9647  0.006453   0.01402         0
   190/299     18.3G   0.00797   0.01095         0   0.01551   0.03443         5      1280    0.9387         1    0.9994    0.9644  0.006469   0.01401         0
   191/299     18.3G  0.008061   0.01094         0   0.01494   0.03395         8      1280    0.9389         1    0.9994    0.9643  0.006471     0.014         0
   192/299     18.3G  0.007918   0.01093         0   0.01543   0.03427         7      1280    0.9392         1    0.9994    0.9643  0.006478   0.01399         0
   193/299     18.3G  0.007861   0.01081         0   0.01512   0.03379         7      1280    0.9395         1    0.9994    0.9643  0.006483   0.01397         0
   194/299     18.3G  0.007816   0.01088         0    0.0151    0.0338         7      1280    0.9405         1    0.9994    0.9639  0.006471   0.01396         0
   195/299     18.3G  0.007715   0.01067         0   0.01491    0.0333         7      1280    0.9425         1    0.9994     0.964  0.006472   0.01395         0
   196/299     18.3G  0.007776   0.01056         0    0.0149   0.03323         7      1280    0.9433         1    0.9994    0.9647  0.006458   0.01394         0
   197/299     18.3G  0.007786   0.01074         0   0.01527    0.0338         7      1280    0.9479         1    0.9994     0.965  0.006456   0.01393         0
   198/299     18.3G  0.007689   0.01089         0   0.01498   0.03356        11      1280    0.9494         1    0.9994    0.9653  0.006454   0.01392         0
   199/299     18.3G  0.007644   0.01062         0   0.01472   0.03298         7      1280    0.9542         1    0.9995    0.9646  0.006459   0.01391         0
   200/299     18.3G  0.007584   0.01068         0   0.01481   0.03308         8      1280    0.9542         1    0.9995    0.9647  0.006454    0.0139         0
   201/299     12.5G   0.00778  0.006536         0  0.003154   0.01747         7      1280    0.9545         1    0.9995    0.9648  0.006436   0.01384         0
   202/299     17.8G  0.005372  0.005649         0  0.001417   0.01244         7      1280    0.9547         1    0.9995    0.9647  0.006424   0.01379         0
   203/299     17.8G  0.004618  0.005583         0  0.001322   0.01152         7      1280    0.9568         1    0.9995    0.9647  0.006422   0.01373         0
   204/299     17.8G  0.004364  0.005524         0  0.001173   0.01106         7      1280    0.9576         1    0.9994    0.9654   0.00642   0.01368         0
   205/299     17.8G  0.004279  0.005509         0  0.001163   0.01095         7      1280    0.9597         1    0.9994     0.965  0.006417   0.01363         0
   206/299     17.8G   0.00417  0.005488         0  0.001162   0.01082         7      1280    0.9569         1    0.9994     0.965  0.006403   0.01358         0
   207/299     17.8G  0.004111  0.005476         0  0.001155   0.01074         7      1280    0.9579         1    0.9995     0.965  0.006388   0.01354         0
   208/299     17.8G  0.004018  0.005455         0  0.001043   0.01052         7      1280    0.9582         1    0.9995    0.9653  0.006373   0.01349         0
   209/299     17.8G  0.003954  0.005424         0 0.0009953   0.01037         7      1280    0.9563         1    0.9995    0.9653  0.006356   0.01345         0
   210/299     17.8G  0.003924  0.005435         0 0.0009744   0.01033         7      1280    0.9545         1    0.9995    0.9657  0.006336   0.01341         0
   211/299     17.8G  0.003898  0.005422         0 0.0009042   0.01022         7      1280    0.9547         1    0.9995    0.9657  0.006314   0.01337         0
   212/299     17.8G  0.003863  0.005401         0 0.0008998   0.01016         7      1280    0.9546         1    0.9995     0.966  0.006287   0.01333         0
   213/299     17.8G  0.003817  0.005396         0 0.0008666   0.01008         7      1280    0.9563         1    0.9995     0.966  0.006265   0.01329         0
   214/299     17.8G  0.003846  0.005393         0 0.0008351   0.01007         7      1280    0.9574         1    0.9995    0.9667  0.006243   0.01326         0
   215/299     17.8G  0.003819   0.00537         0 0.0008669   0.01006         7      1280     0.957         1    0.9995    0.9667  0.006219   0.01323         0
   216/299     17.8G  0.003821  0.005374         0 0.0008267   0.01002         7      1280    0.9566         1    0.9995    0.9676  0.006197    0.0132         0
   217/299     17.8G    0.0038  0.005347         0 0.0008522  0.009999         7      1280    0.9581         1    0.9995    0.9676  0.006172   0.01317         0
   218/299     17.8G  0.003808   0.00535         0 0.0007909  0.009949         7      1280    0.9581         1    0.9995    0.9679  0.006152   0.01314         0
   219/299     17.8G   0.00379  0.005335         0 0.0008025  0.009928         7      1280    0.9574         1    0.9995    0.9683  0.006126   0.01311         0
   220/299     17.8G  0.003755  0.005341         0   0.00076  0.009857         7      1280    0.9574         1    0.9995    0.9683  0.006097   0.01309         0
   221/299     17.8G  0.003729  0.005319         0 0.0007702  0.009819         7      1280    0.9571         1    0.9995    0.9686  0.006072   0.01306         0
   222/299     17.8G  0.003756  0.005333         0 0.0008427  0.009931         7      1280    0.9572         1    0.9995    0.9686  0.006042   0.01304         0
   223/299     17.8G  0.003715  0.005307         0 0.0007508  0.009773         7      1280    0.9577         1    0.9995    0.9686  0.006013   0.01302         0
   224/299     17.8G  0.003663  0.005296         0 0.0007402  0.009699         7      1280    0.9573         1    0.9995     0.969   0.00598     0.013         0
   225/299     17.8G   0.00364  0.005299         0 0.0008088  0.009748         7      1280    0.9574         1    0.9995    0.9702  0.005948   0.01298         0
   226/299     17.8G  0.003664  0.005292         0  0.000749  0.009705         7      1280    0.9576         1    0.9995    0.9709  0.005918   0.01296         0
   227/299     17.8G   0.00367  0.005293         0 0.0007599  0.009724         7      1280    0.9579         1    0.9995    0.9713  0.005886   0.01295         0
   228/299     17.8G   0.00363  0.005296         0 0.0007268  0.009653         7      1280    0.9583         1    0.9995    0.9716  0.005856   0.01293         0
   229/299     17.8G  0.003639  0.005282         0 0.0007116  0.009633         7      1280    0.9572         1    0.9995     0.972  0.005821   0.01292         0
   230/299     17.8G  0.003597  0.005273         0 0.0007509  0.009621         7      1280    0.9571         1    0.9995    0.9722   0.00579    0.0129         0
   231/299     17.8G  0.003575  0.005281         0 0.0007065  0.009562         7      1280    0.9568         1    0.9995    0.9728  0.005757   0.01289         0
   232/299     17.8G  0.003595  0.005276         0  0.000713  0.009585         7      1280    0.9569         1    0.9995    0.9731  0.005724   0.01288         0
   233/299     17.8G  0.003558  0.005239         0 0.0007311  0.009528         7      1280    0.9575         1    0.9995    0.9737   0.00569   0.01287         0
   234/299     17.8G  0.003524  0.005238         0 0.0006972   0.00946         7      1280    0.9581         1    0.9995    0.9737  0.005658   0.01286         0
   235/299     17.8G   0.00351  0.005241         0 0.0007034  0.009455         7      1280    0.9586         1    0.9995    0.9741  0.005625   0.01285         0
   236/299     17.8G  0.003531  0.005266         0 0.0007047  0.009502         7      1280    0.9595         1    0.9995    0.9745  0.005591   0.01284         0
   237/299     17.8G  0.003513  0.005241         0 0.0007202  0.009474         7      1280    0.9599         1    0.9995    0.9745  0.005558   0.01284         0
   238/299     17.8G  0.003512  0.005244         0 0.0006913  0.009447         7      1280    0.9602         1    0.9995    0.9748  0.005526   0.01283         0
   239/299     17.8G  0.003491  0.005239         0 0.0007385  0.009468         7      1280    0.9586         1    0.9995    0.9752  0.005492   0.01283         0
   240/299     17.8G  0.003456  0.005234         0 0.0007201   0.00941         7      1280    0.9585         1    0.9995    0.9755  0.005461   0.01283         0
   241/299     17.8G  0.003474  0.005246         0 0.0006969  0.009417         7      1280    0.9585         1    0.9995    0.9759  0.005429   0.01283         0
   242/299     17.8G  0.003489  0.005248         0 0.0006355  0.009373         7      1280    0.9586         1    0.9995    0.9762  0.005398   0.01283         0
   243/299     17.8G  0.003467  0.005231         0 0.0006897  0.009387         7      1280    0.9587         1    0.9995    0.9769  0.005367   0.01283         0
   244/299     17.8G  0.003452  0.005228         0 0.0006788  0.009359         7      1280    0.9571         1    0.9995    0.9773  0.005339   0.01283         0
   245/299     17.8G  0.003438  0.005236         0 0.0007218  0.009396         7      1280     0.957         1    0.9995    0.9769   0.00531   0.01284         0
   246/299     17.8G  0.003419  0.005213         0 0.0007378   0.00937         7      1280    0.9575         1    0.9995    0.9776  0.005278   0.01284         0
   247/299     17.8G  0.003417  0.005223         0 0.0007045  0.009345         7      1280    0.9576         1    0.9995     0.978  0.005244   0.01284         0
   248/299     17.8G  0.003415  0.005206         0 0.0007078  0.009329         7      1280    0.9576         1    0.9995    0.9788  0.005213   0.01285         0
   249/299     17.8G  0.003388  0.005211         0 0.0006882  0.009287         7      1280    0.9583         1    0.9995    0.9788  0.005184   0.01286         0
   250/299     17.8G  0.003353  0.005199         0 0.0006489  0.009201         7      1280    0.9565         1    0.9995    0.9788  0.005153   0.01286         0
   251/299     17.8G  0.003439  0.005226         0 0.0006703  0.009336         7      1280    0.9567         1    0.9995    0.9795  0.005127   0.01287         0
   252/299     17.8G  0.003395  0.005217         0 0.0007023  0.009314         7      1280    0.9568         1    0.9995    0.9795  0.005097   0.01288         0
   253/299     17.8G  0.003358  0.005208         0 0.0006703  0.009236         7      1280    0.9586         1    0.9995    0.9801  0.005069   0.01289         0
   254/299     17.8G  0.003352  0.005198         0 0.0006811  0.009231         7      1280    0.9589         1    0.9995    0.9802  0.005036    0.0129         0
   255/299     17.8G  0.003358  0.005194         0 0.0007052  0.009257         7      1280    0.9591         1    0.9995     0.981  0.005006   0.01292         0
   256/299     17.8G  0.003374  0.005212         0 0.0006617  0.009247         7      1280    0.9596         1    0.9995     0.981  0.004978   0.01293         0
   257/299     17.8G  0.003318  0.005175         0 0.0006602  0.009153         7      1280    0.9616         1    0.9995    0.9821   0.00495   0.01294         0
   258/299     17.8G  0.003305  0.005169         0 0.0006274  0.009101         7      1280    0.9617         1    0.9995    0.9821  0.004921   0.01296         0
   259/299     17.8G  0.003322  0.005194         0 0.0006372  0.009153         7      1280    0.9619         1    0.9995    0.9824  0.004892   0.01298         0
   260/299     17.8G   0.00336  0.005191         0 0.0006654  0.009217         7      1280     0.964         1    0.9995    0.9828  0.004864   0.01299         0
   261/299     17.8G  0.003327  0.005176         0 0.0006434  0.009147         7      1280    0.9648         1    0.9995    0.9821  0.004835   0.01301         0
   262/299     17.8G  0.003324  0.005185         0 0.0006654  0.009174         7      1280    0.9651         1    0.9995    0.9825  0.004806   0.01303         0
   263/299     17.8G  0.003324  0.005193         0 0.0006564  0.009173         7      1280    0.9656         1    0.9995    0.9833  0.004779   0.01304         0
   264/299     17.8G  0.003313  0.005171         0 0.0006385  0.009123         7      1280    0.9661         1    0.9995    0.9833   0.00475   0.01306         0
   265/299     17.8G  0.003314  0.005184         0 0.0006549  0.009152         7      1280    0.9667         1    0.9995    0.9834  0.004724   0.01308         0
   266/299     17.8G   0.00332  0.005165         0 0.0006595  0.009144         7      1280    0.9671         1    0.9995    0.9833  0.004697    0.0131         0
   267/299     17.8G  0.003299  0.005181         0 0.0006356  0.009115         7      1280    0.9678         1    0.9995    0.9836  0.004672   0.01313         0
   268/299     17.8G  0.003308  0.005166         0 0.0006746  0.009149         7      1280    0.9681         1    0.9995    0.9838  0.004651   0.01315         0
   269/299     17.8G  0.003309  0.005193         0 0.0006683   0.00917         7      1280    0.9686         1    0.9995    0.9836  0.004627   0.01317         0
   270/299     17.8G  0.003295  0.005179         0 0.0006274  0.009101         7      1280    0.9685         1    0.9995    0.9838  0.004603    0.0132         0
   271/299     17.8G  0.003294  0.005175         0 0.0006505  0.009119         7      1280    0.9688         1    0.9995    0.9834  0.004581   0.01323         0
   272/299     17.8G  0.003291  0.005166         0 0.0006176  0.009075         7      1280    0.9692         1    0.9995    0.9834  0.004557   0.01325         0
   273/299     17.8G  0.003278  0.005168         0 0.0006424  0.009088         7      1280    0.9615         1    0.9995    0.9836  0.004534   0.01328         0
   274/299     17.8G  0.003267  0.005158         0 0.0006739  0.009099         7      1280    0.9612         1    0.9995    0.9834  0.004512   0.01331         0
   275/299     17.8G  0.003277  0.005176         0   0.00065  0.009103         7      1280    0.9637         1    0.9995     0.983   0.00449   0.01334         0
   276/299     17.8G  0.003275  0.005171         0 0.0006398  0.009086         7      1280      0.96         1    0.9995    0.9836  0.004468   0.01337         0
   277/299     17.8G  0.003269   0.00515         0 0.0006115  0.009031         7      1280    0.9573         1    0.9995    0.9833  0.004446    0.0134         0
   278/299     17.8G   0.00329  0.005167         0 0.0006209  0.009078         7      1280    0.9556         1    0.9995    0.9835  0.004427   0.01343         0
   279/299     17.8G  0.003245  0.005144         0 0.0006102     0.009         7      1280    0.9546         1    0.9995     0.984  0.004405   0.01346         0
   280/299     17.8G  0.003234  0.005132         0 0.0006409  0.009007         7      1280    0.9531         1    0.9995    0.9843  0.004386    0.0135         0
   281/299     17.8G  0.003252  0.005155         0 0.0006477  0.009055         7      1280    0.9527         1    0.9995    0.9841  0.004367   0.01353         0
   282/299     17.8G  0.003264  0.005148         0 0.0006296  0.009042         7      1280    0.9502         1    0.9995    0.9839  0.004346   0.01357         0
   283/299     17.8G  0.003267  0.005164         0 0.0006683  0.009099         7      1280    0.9506         1    0.9995    0.9839  0.004328    0.0136         0
   284/299     17.8G  0.003251  0.005135         0  0.000602  0.008987         7      1280     0.947         1    0.9995    0.9838  0.004309   0.01363         0
   285/299     17.8G  0.003277  0.005146         0 0.0006521  0.009075         7      1280    0.9446         1    0.9995    0.9843  0.004291   0.01367         0
   286/299     17.8G  0.003243  0.005154         0 0.0006098  0.009007         7      1280    0.9439         1    0.9995    0.9843  0.004271    0.0137         0
   287/299     17.8G  0.003273   0.00515         0 0.0006157  0.009038         7      1280    0.9422         1    0.9995    0.9843  0.004254   0.01374         0
   288/299     17.8G  0.003253  0.005141         0 0.0006139  0.009008         7      1280    0.9405         1    0.9995    0.9843  0.004239   0.01378         0
   289/299     17.8G  0.003242  0.005148         0 0.0006636  0.009054         7      1280    0.9385         1    0.9995    0.9848  0.004222   0.01381         0
   290/299     17.8G  0.003269  0.005145         0 0.0006177  0.009031         7      1280    0.9385         1    0.9995    0.9847  0.004205   0.01385         0
   291/299     17.8G   0.00323  0.005156         0 0.0006375  0.009024         7      1280    0.9361         1    0.9995    0.9848  0.004189   0.01389         0
   292/299     17.8G  0.003236  0.005144         0 0.0006076  0.008988         7      1280    0.9349         1    0.9995    0.9845  0.004174   0.01392         0
   293/299     17.8G  0.003263   0.00517         0 0.0006734  0.009106         7      1280    0.9323         1    0.9995    0.9849  0.004159   0.01397         0
   294/299     17.8G  0.003211  0.005141         0 0.0006259  0.008977         7      1280    0.9321         1    0.9995    0.9845  0.004142     0.014         0
   295/299     17.8G  0.003259  0.005131         0 0.0006633  0.009053         7      1280    0.9315         1    0.9995    0.9845  0.004127   0.01404         0
   296/299     17.8G   0.00324   0.00515         0  0.000594  0.008984         7      1280     0.931         1    0.9995     0.985  0.004114   0.01408         0
   297/299     17.8G  0.003246  0.005138         0 0.0005822  0.008966         7      1280    0.9309         1    0.9995     0.985    0.0041   0.01412         0
   298/299     17.8G  0.003221  0.005148         0 0.0006435  0.009013         7      1280    0.9309         1    0.9995     0.985  0.004085   0.01416         0
   299/299     17.8G  0.003239  0.005145         0 0.0005916  0.008976         7      1280    0.9309         1    0.9995     0.985  0.004072    0.0142         0
